Time [seconds]	Counts
4.99285e+11	111
1.49786e+12	126
2.49643e+12	130
3.495e+12	122
4.49357e+12	120
5.49214e+12	117
6.49071e+12	133
7.48928e+12	122
8.48785e+12	99
9.48642e+12	134
1.0485e+13	116
1.14836e+13	103
1.24821e+13	122
1.34807e+13	101
1.44793e+13	112
1.54778e+13	124
1.64764e+13	117
1.7475e+13	103
1.84736e+13	119
1.94721e+13	111
2.04707e+13	121
2.14693e+13	109
2.24678e+13	150
2.34664e+13	102
2.4465e+13	117
2.54636e+13	127
2.64621e+13	121
2.74607e+13	112
2.84593e+13	122
2.94578e+13	120
3.04564e+13	119
3.1455e+13	150
3.24536e+13	118
3.34521e+13	109
3.44507e+13	116
3.54493e+13	111
3.64478e+13	96
3.74464e+13	118
3.8445e+13	100
3.94435e+13	120
4.04421e+13	125
4.14407e+13	112
4.24393e+13	108
4.34378e+13	103
4.44364e+13	134
4.5435e+13	114
4.64335e+13	103
4.74321e+13	116
4.84307e+13	112
4.94293e+13	117
5.04278e+13	120
5.14264e+13	109
5.2425e+13	109
5.34235e+13	128
5.44221e+13	104
5.54207e+13	120
5.64192e+13	121
5.74178e+13	96
5.84164e+13	125
5.9415e+13	109
6.04135e+13	105
6.14121e+13	129
6.24107e+13	114
6.34092e+13	128
6.44078e+13	109
6.54064e+13	122
6.6405e+13	148
6.74035e+13	107
6.84021e+13	118
6.94007e+13	105
7.03992e+13	132
7.13978e+13	115
7.23964e+13	140
7.3395e+13	129
7.43935e+13	117
7.53921e+13	115
7.63907e+13	114
7.73892e+13	106
7.83878e+13	114
7.93864e+13	129
8.0385e+13	136
8.13835e+13	119
8.23821e+13	133
8.33807e+13	115
8.43792e+13	112
8.53778e+13	116
8.63764e+13	118
8.73749e+13	117
8.83735e+13	136
8.93721e+13	125
9.03707e+13	112
9.13692e+13	110
9.23678e+13	131
9.33664e+13	116
9.43649e+13	117
9.53635e+13	126
9.63621e+13	113
9.73607e+13	131
9.83592e+13	139
9.93578e+13	112
1.00356e+14	109
1.01355e+14	123
1.02354e+14	121
1.03352e+14	101
1.04351e+14	83
1.05349e+14	107
1.06348e+14	162
1.07346e+14	135
1.08345e+14	113
1.09344e+14	112
1.10342e+14	114
1.11341e+14	109
1.12339e+14	119
1.13338e+14	105
1.14336e+14	114
1.15335e+14	110
1.16333e+14	103
1.17332e+14	128
1.18331e+14	125
1.19329e+14	102
1.20328e+14	122
1.21326e+14	104
1.22325e+14	109
1.23323e+14	101
1.24322e+14	108
1.25321e+14	124
1.26319e+14	122
1.27318e+14	118
1.28316e+14	107
1.29315e+14	108
1.30313e+14	137
1.31312e+14	137
1.32311e+14	110
1.33309e+14	121
1.34308e+14	128
1.35306e+14	126
1.36305e+14	140
1.37303e+14	105
1.38302e+14	111
1.39301e+14	120
1.40299e+14	93
1.41298e+14	123
1.42296e+14	128
1.43295e+14	102
1.44293e+14	117
1.45292e+14	129
1.46291e+14	120
1.47289e+14	108
1.48288e+14	123
1.49286e+14	121
1.50285e+14	122
1.51283e+14	119
1.52282e+14	110
1.53281e+14	114
1.54279e+14	105
1.55278e+14	118
1.56276e+14	122
1.57275e+14	130
1.58273e+14	126
1.59272e+14	123
1.60271e+14	103
1.61269e+14	117
1.62268e+14	113
1.63266e+14	104
1.64265e+14	109
1.65263e+14	133
1.66262e+14	112
1.67261e+14	122
1.68259e+14	113
1.69258e+14	97
1.70256e+14	124
1.71255e+14	116
1.72253e+14	119
1.73252e+14	98
1.74251e+14	111
1.75249e+14	94
1.76248e+14	128
1.77246e+14	116
1.78245e+14	112
1.79243e+14	146
1.80242e+14	116
1.81241e+14	139
1.82239e+14	126
1.83238e+14	107
1.84236e+14	122
1.85235e+14	124
1.86233e+14	119
1.87232e+14	113
1.88231e+14	111
1.89229e+14	132
1.90228e+14	126
1.91226e+14	93
1.92225e+14	126
1.93223e+14	124
1.94222e+14	129
1.95221e+14	125
1.96219e+14	136
1.97218e+14	111
1.98216e+14	128
1.99215e+14	118
2.00213e+14	93
2.01212e+14	116
2.02211e+14	115
2.03209e+14	130
2.04208e+14	112
2.05206e+14	109
2.06205e+14	105
2.07203e+14	95
2.08202e+14	123
2.09201e+14	113
2.10199e+14	122
2.11198e+14	107
2.12196e+14	123
2.13195e+14	119
2.14193e+14	116
2.15192e+14	119
2.16191e+14	110
2.17189e+14	108
2.18188e+14	107
2.19186e+14	120
2.20185e+14	124
2.21183e+14	142
2.22182e+14	117
2.23181e+14	143
2.24179e+14	141
2.25178e+14	123
2.26176e+14	117
2.27175e+14	126
2.28173e+14	107
2.29172e+14	132
2.30171e+14	109
2.31169e+14	102
2.32168e+14	115
2.33166e+14	116
2.34165e+14	114
2.35163e+14	111
2.36162e+14	124
2.37161e+14	98
2.38159e+14	103
2.39158e+14	111
2.40156e+14	127
2.41155e+14	107
2.42153e+14	124
2.43152e+14	122
2.44151e+14	100
2.45149e+14	125
2.46148e+14	128
2.47146e+14	125
2.48145e+14	94
2.49143e+14	123
2.50142e+14	121
2.51141e+14	118
2.52139e+14	126
2.53138e+14	110
2.54136e+14	122
2.55135e+14	130
2.56133e+14	132
2.57132e+14	109
2.58131e+14	120
2.59129e+14	116
2.60128e+14	104
2.61126e+14	113
2.62125e+14	115
2.63123e+14	105
2.64122e+14	124
2.65121e+14	118
2.66119e+14	113
2.67118e+14	116
2.68116e+14	117
2.69115e+14	108
2.70113e+14	123
2.71112e+14	114
2.72111e+14	116
2.73109e+14	124
2.74108e+14	115
2.75106e+14	106
2.76105e+14	140
2.77103e+14	118
2.78102e+14	124
2.79101e+14	111
2.80099e+14	142
2.81098e+14	114
2.82096e+14	120
2.83095e+14	111
2.84093e+14	120
2.85092e+14	111
2.86091e+14	106
2.87089e+14	103
2.88088e+14	121
2.89086e+14	106
2.90085e+14	101
2.91083e+14	92
2.92082e+14	100
2.93081e+14	124
2.94079e+14	139
2.95078e+14	106
2.96076e+14	124
2.97075e+14	121
2.98073e+14	111
2.99072e+14	120
3.00071e+14	114
3.01069e+14	128
3.02068e+14	126
3.03066e+14	109
3.04065e+14	109
3.05063e+14	122
3.06062e+14	114
3.0706e+14	119
3.08059e+14	97
3.09058e+14	111
3.10056e+14	112
3.11055e+14	107
3.12053e+14	116
3.13052e+14	113
3.14051e+14	115
3.15049e+14	112
3.16048e+14	127
3.17046e+14	120
3.18045e+14	134
3.19043e+14	92
3.20042e+14	118
3.21041e+14	131
3.22039e+14	120
3.23038e+14	121
3.24036e+14	116
3.25035e+14	105
3.26033e+14	110
3.27032e+14	104
3.28031e+14	109
3.29029e+14	122
3.30028e+14	115
3.31026e+14	118
3.32025e+14	112
3.33023e+14	128
3.34022e+14	113
3.35021e+14	128
3.36019e+14	105
3.37018e+14	131
3.38016e+14	127
3.39015e+14	110
3.40013e+14	120
3.41012e+14	109
3.4201e+14	105
3.43009e+14	115
3.44008e+14	100
3.45006e+14	112
3.46005e+14	135
3.47003e+14	117
3.48002e+14	122
3.49e+14	118
3.49999e+14	137
3.50998e+14	98
3.51996e+14	118
3.52995e+14	117
3.53993e+14	104
3.54992e+14	112
3.5599e+14	116
3.56989e+14	128
3.57988e+14	119
3.58986e+14	127
3.59985e+14	98
3.60983e+14	114
3.61982e+14	114
3.6298e+14	126
3.63979e+14	111
3.64978e+14	113
3.65976e+14	91
3.66975e+14	118
3.67973e+14	122
3.68972e+14	111
3.6997e+14	107
3.70969e+14	118
3.71968e+14	97
3.72966e+14	127
3.73965e+14	107
3.74963e+14	138
3.75962e+14	133
3.7696e+14	121
3.77959e+14	122
3.78958e+14	105
3.79956e+14	101
3.80955e+14	103
3.81953e+14	118
3.82952e+14	106
3.8395e+14	103
3.84949e+14	127
3.85948e+14	137
3.86946e+14	126
3.87945e+14	113
3.88943e+14	106
3.89942e+14	116
3.9094e+14	117
3.91939e+14	103
3.92938e+14	112
3.93936e+14	112
3.94935e+14	112
3.95933e+14	124
3.96932e+14	129
3.9793e+14	116
3.98929e+14	105
3.99928e+14	113
4.00926e+14	111
4.01925e+14	100
4.02923e+14	124
4.03922e+14	127
4.0492e+14	138
4.05919e+14	124
4.06918e+14	136
4.07916e+14	116
4.08915e+14	121
4.09913e+14	114
4.10912e+14	114
4.1191e+14	126
4.12909e+14	105
4.13908e+14	127
4.14906e+14	110
4.15905e+14	117
4.16903e+14	115
4.17902e+14	112
4.189e+14	123
4.19899e+14	104
4.20898e+14	114
4.21896e+14	132
4.22895e+14	106
4.23893e+14	99
4.24892e+14	125
4.2589e+14	111
4.26889e+14	138
4.27888e+14	117
4.28886e+14	103
4.29885e+14	109
4.30883e+14	121
4.31882e+14	124
4.3288e+14	111
4.33879e+14	131
4.34878e+14	118
4.35876e+14	110
4.36875e+14	114
4.37873e+14	146
4.38872e+14	91
4.3987e+14	103
4.40869e+14	123
4.41868e+14	107
4.42866e+14	114
4.43865e+14	111
4.44863e+14	134
4.45862e+14	109
4.4686e+14	122
4.47859e+14	98
4.48858e+14	102
4.49856e+14	118
4.50855e+14	126
4.51853e+14	121
4.52852e+14	104
4.5385e+14	109
4.54849e+14	127
4.55848e+14	121
4.56846e+14	113
4.57845e+14	136
4.58843e+14	118
4.59842e+14	125
4.6084e+14	110
4.61839e+14	126
4.62838e+14	100
4.63836e+14	128
4.64835e+14	113
4.65833e+14	120
4.66832e+14	118
4.6783e+14	117
4.68829e+14	123
4.69828e+14	111
4.70826e+14	115
4.71825e+14	136
4.72823e+14	128
4.73822e+14	114
4.7482e+14	101
4.75819e+14	116
4.76818e+14	128
4.77816e+14	120
4.78815e+14	113
4.79813e+14	109
4.80812e+14	122
4.8181e+14	123
4.82809e+14	123
4.83808e+14	118
4.84806e+14	110
4.85805e+14	121
4.86803e+14	112
4.87802e+14	94
4.888e+14	110
4.89799e+14	112
4.90798e+14	91
4.91796e+14	122
4.92795e+14	125
4.93793e+14	101
4.94792e+14	119
4.9579e+14	107
4.96789e+14	108
4.97788e+14	100
4.98786e+14	120
4.99785e+14	138
5.00783e+14	106
5.01782e+14	123
5.0278e+14	108
5.03779e+14	100
5.04778e+14	123
5.05776e+14	114
5.06775e+14	128
5.07773e+14	122
5.08772e+14	102
5.0977e+14	117
5.10769e+14	118
5.11768e+14	84
5.12766e+14	119
5.13765e+14	96
5.14763e+14	100
5.15762e+14	117
5.1676e+14	115
5.17759e+14	91
5.18758e+14	119
5.19756e+14	110
5.20755e+14	99
5.21753e+14	121
5.22752e+14	100
5.2375e+14	106
5.24749e+14	132
5.25748e+14	116
5.26746e+14	136
5.27745e+14	135
5.28743e+14	107
5.29742e+14	115
5.3074e+14	116
5.31739e+14	115
5.32738e+14	123
5.33736e+14	117
5.34735e+14	116
5.35733e+14	109
5.36732e+14	128
5.3773e+14	121
5.38729e+14	88
5.39728e+14	127
5.40726e+14	113
5.41725e+14	134
5.42723e+14	110
5.43722e+14	114
5.4472e+14	136
5.45719e+14	125
5.46717e+14	114
5.47716e+14	114
5.48715e+14	121
5.49713e+14	109
5.50712e+14	126
5.5171e+14	120
5.52709e+14	102
5.53707e+14	102
5.54706e+14	108
5.55705e+14	112
5.56703e+14	114
5.57702e+14	144
5.587e+14	131
5.59699e+14	101
5.60698e+14	130
5.61696e+14	125
5.62695e+14	113
5.63693e+14	125
5.64692e+14	113
5.6569e+14	103
5.66689e+14	120
5.67688e+14	117
5.68686e+14	110
5.69685e+14	123
5.70683e+14	120
5.71682e+14	105
5.7268e+14	124
5.73679e+14	128
5.74677e+14	134
5.75676e+14	110
5.76675e+14	130
5.77673e+14	125
5.78672e+14	113
5.7967e+14	111
5.80669e+14	118
5.81667e+14	104
5.82666e+14	117
5.83665e+14	103
5.84663e+14	112
5.85662e+14	125
5.8666e+14	102
5.87659e+14	122
5.88657e+14	107
5.89656e+14	127
5.90655e+14	115
5.91653e+14	121
5.92652e+14	94
5.9365e+14	106
5.94649e+14	132
5.95647e+14	119
5.96646e+14	107
5.97645e+14	112
5.98643e+14	130
5.99642e+14	113
