Time [seconds]	Counts
4.99281e+11	110
1.49784e+12	127
2.4964e+12	107
3.49497e+12	121
4.49353e+12	110
5.49209e+12	121
6.49065e+12	119
7.48921e+12	115
8.48777e+12	120
9.48634e+12	103
1.04849e+13	111
1.14835e+13	129
1.2482e+13	124
1.34806e+13	138
1.44791e+13	119
1.54777e+13	124
1.64763e+13	115
1.74748e+13	129
1.84734e+13	123
1.9472e+13	109
2.04705e+13	107
2.14691e+13	126
2.24676e+13	108
2.34662e+13	115
2.44648e+13	114
2.54633e+13	115
2.64619e+13	116
2.74604e+13	132
2.8459e+13	139
2.94576e+13	122
3.04561e+13	112
3.14547e+13	90
3.24533e+13	133
3.34518e+13	117
3.44504e+13	133
3.54489e+13	125
3.64475e+13	118
3.74461e+13	145
3.84446e+13	127
3.94432e+13	129
4.04417e+13	122
4.14403e+13	109
4.24389e+13	105
4.34374e+13	92
4.4436e+13	107
4.54346e+13	117
4.64331e+13	121
4.74317e+13	130
4.84302e+13	113
4.94288e+13	114
5.04274e+13	100
5.14259e+13	109
5.24245e+13	127
5.3423e+13	111
5.44216e+13	123
5.54202e+13	108
5.64187e+13	109
5.74173e+13	119
5.84159e+13	110
5.94144e+13	111
6.0413e+13	118
6.14115e+13	106
6.24101e+13	108
6.34087e+13	91
6.44072e+13	125
6.54058e+13	124
6.64044e+13	111
6.74029e+13	111
6.84015e+13	130
6.94e+13	113
7.03986e+13	95
7.13972e+13	114
7.23957e+13	135
7.33943e+13	120
7.43928e+13	112
7.53914e+13	136
7.639e+13	109
7.73885e+13	101
7.83871e+13	112
7.93857e+13	122
8.03842e+13	130
8.13828e+13	101
8.23813e+13	100
8.33799e+13	123
8.43785e+13	120
8.5377e+13	114
8.63756e+13	127
8.73741e+13	113
8.83727e+13	136
8.93713e+13	102
9.03698e+13	116
9.13684e+13	110
9.2367e+13	122
9.33655e+13	130
9.43641e+13	115
9.53626e+13	108
9.63612e+13	109
9.73598e+13	125
9.83583e+13	140
9.93569e+13	123
1.00355e+14	117
1.01354e+14	126
1.02353e+14	138
1.03351e+14	122
1.0435e+14	111
1.05348e+14	106
1.06347e+14	114
1.07345e+14	126
1.08344e+14	136
1.09343e+14	127
1.10341e+14	123
1.1134e+14	114
1.12338e+14	115
1.13337e+14	112
1.14335e+14	113
1.15334e+14	126
1.16332e+14	114
1.17331e+14	113
1.1833e+14	107
1.19328e+14	111
1.20327e+14	124
1.21325e+14	106
1.22324e+14	103
1.23322e+14	95
1.24321e+14	131
1.25319e+14	106
1.26318e+14	131
1.27317e+14	129
1.28315e+14	104
1.29314e+14	123
1.30312e+14	118
1.31311e+14	131
1.32309e+14	115
1.33308e+14	132
1.34307e+14	113
1.35305e+14	128
1.36304e+14	136
1.37302e+14	144
1.38301e+14	133
1.39299e+14	123
1.40298e+14	95
1.41296e+14	108
1.42295e+14	125
1.43294e+14	116
1.44292e+14	108
1.45291e+14	92
1.46289e+14	122
1.47288e+14	118
1.48286e+14	122
1.49285e+14	134
1.50284e+14	134
1.51282e+14	116
1.52281e+14	125
1.53279e+14	128
1.54278e+14	132
1.55276e+14	122
1.56275e+14	120
1.57273e+14	126
1.58272e+14	101
1.59271e+14	141
1.60269e+14	107
1.61268e+14	121
1.62266e+14	134
1.63265e+14	112
1.64263e+14	122
1.65262e+14	104
1.66261e+14	115
1.67259e+14	133
1.68258e+14	120
1.69256e+14	128
1.70255e+14	112
1.71253e+14	126
1.72252e+14	114
1.7325e+14	103
1.74249e+14	104
1.75248e+14	132
1.76246e+14	119
1.77245e+14	148
1.78243e+14	133
1.79242e+14	118
1.8024e+14	138
1.81239e+14	116
1.82237e+14	120
1.83236e+14	104
1.84235e+14	102
1.85233e+14	113
1.86232e+14	132
1.8723e+14	99
1.88229e+14	94
1.89227e+14	122
1.90226e+14	116
1.91225e+14	132
1.92223e+14	114
1.93222e+14	94
1.9422e+14	112
1.95219e+14	125
1.96217e+14	99
1.97216e+14	115
1.98214e+14	96
1.99213e+14	101
2.00212e+14	139
2.0121e+14	115
2.02209e+14	135
2.03207e+14	116
2.04206e+14	112
2.05204e+14	116
2.06203e+14	115
2.07202e+14	141
2.082e+14	123
2.09199e+14	125
2.10197e+14	126
2.11196e+14	124
2.12194e+14	118
2.13193e+14	122
2.14191e+14	116
2.1519e+14	139
2.16189e+14	127
2.17187e+14	135
2.18186e+14	113
2.19184e+14	123
2.20183e+14	126
2.21181e+14	128
2.2218e+14	107
2.23179e+14	112
2.24177e+14	109
2.25176e+14	102
2.26174e+14	121
2.27173e+14	126
2.28171e+14	103
2.2917e+14	108
2.30168e+14	121
2.31167e+14	111
2.32166e+14	88
2.33164e+14	104
2.34163e+14	126
2.35161e+14	113
2.3616e+14	122
2.37158e+14	116
2.38157e+14	117
2.39156e+14	108
2.40154e+14	105
2.41153e+14	131
2.42151e+14	122
2.4315e+14	125
2.44148e+14	122
2.45147e+14	107
2.46145e+14	107
2.47144e+14	138
2.48143e+14	137
2.49141e+14	118
2.5014e+14	112
2.51138e+14	125
2.52137e+14	123
2.53135e+14	115
2.54134e+14	116
2.55132e+14	99
2.56131e+14	120
2.5713e+14	110
2.58128e+14	119
2.59127e+14	103
2.60125e+14	112
2.61124e+14	123
2.62122e+14	130
2.63121e+14	114
2.6412e+14	118
2.65118e+14	113
2.66117e+14	102
2.67115e+14	98
2.68114e+14	105
2.69112e+14	120
2.70111e+14	95
2.71109e+14	115
2.72108e+14	104
2.73107e+14	128
2.74105e+14	100
2.75104e+14	124
2.76102e+14	128
2.77101e+14	120
2.78099e+14	114
2.79098e+14	120
2.80097e+14	114
2.81095e+14	126
2.82094e+14	119
2.83092e+14	111
2.84091e+14	128
2.85089e+14	103
2.86088e+14	117
2.87086e+14	125
2.88085e+14	129
2.89084e+14	112
2.90082e+14	127
2.91081e+14	125
2.92079e+14	123
2.93078e+14	138
2.94076e+14	103
2.95075e+14	110
2.96074e+14	124
2.97072e+14	126
2.98071e+14	103
2.99069e+14	116
3.00068e+14	123
3.01066e+14	130
3.02065e+14	95
3.03063e+14	123
3.04062e+14	102
3.05061e+14	124
3.06059e+14	125
3.07058e+14	144
3.08056e+14	104
3.09055e+14	114
3.10053e+14	120
3.11052e+14	116
3.12051e+14	112
3.13049e+14	114
3.14048e+14	128
3.15046e+14	149
3.16045e+14	124
3.17043e+14	131
3.18042e+14	121
3.1904e+14	108
3.20039e+14	103
3.21038e+14	103
3.22036e+14	123
3.23035e+14	94
3.24033e+14	125
3.25032e+14	119
3.2603e+14	105
3.27029e+14	127
3.28027e+14	107
3.29026e+14	101
3.30025e+14	109
3.31023e+14	114
3.32022e+14	104
3.3302e+14	131
3.34019e+14	131
3.35017e+14	133
3.36016e+14	104
3.37015e+14	129
3.38013e+14	118
3.39012e+14	113
3.4001e+14	104
3.41009e+14	124
3.42007e+14	111
3.43006e+14	123
3.44004e+14	135
3.45003e+14	129
3.46002e+14	119
3.47e+14	104
3.47999e+14	114
3.48997e+14	119
3.49996e+14	118
3.50994e+14	126
3.51993e+14	100
3.52992e+14	97
3.5399e+14	112
3.54989e+14	119
3.55987e+14	117
3.56986e+14	116
3.57984e+14	120
3.58983e+14	117
3.59981e+14	102
3.6098e+14	130
3.61979e+14	125
3.62977e+14	123
3.63976e+14	130
3.64974e+14	121
3.65973e+14	103
3.66971e+14	107
3.6797e+14	124
3.68969e+14	118
3.69967e+14	110
3.70966e+14	111
3.71964e+14	115
3.72963e+14	121
3.73961e+14	110
3.7496e+14	128
3.75958e+14	123
3.76957e+14	118
3.77956e+14	120
3.78954e+14	110
3.79953e+14	110
3.80951e+14	115
3.8195e+14	101
3.82948e+14	111
3.83947e+14	127
3.84946e+14	112
3.85944e+14	133
3.86943e+14	106
3.87941e+14	125
3.8894e+14	97
3.89938e+14	125
3.90937e+14	120
3.91935e+14	121
3.92934e+14	136
3.93933e+14	128
3.94931e+14	123
3.9593e+14	117
3.96928e+14	110
3.97927e+14	123
3.98925e+14	109
3.99924e+14	141
4.00923e+14	123
4.01921e+14	140
4.0292e+14	116
4.03918e+14	120
4.04917e+14	111
4.05915e+14	132
4.06914e+14	103
4.07912e+14	125
4.08911e+14	123
4.0991e+14	122
4.10908e+14	122
4.11907e+14	107
4.12905e+14	107
4.13904e+14	106
4.14902e+14	114
4.15901e+14	111
4.16899e+14	116
4.17898e+14	92
4.18897e+14	105
4.19895e+14	121
4.20894e+14	110
4.21892e+14	128
4.22891e+14	92
4.23889e+14	119
4.24888e+14	108
4.25887e+14	125
4.26885e+14	108
4.27884e+14	120
4.28882e+14	115
4.29881e+14	131
4.30879e+14	122
4.31878e+14	118
4.32876e+14	117
4.33875e+14	109
4.34874e+14	115
4.35872e+14	113
4.36871e+14	120
4.37869e+14	132
4.38868e+14	102
4.39866e+14	121
4.40865e+14	117
4.41864e+14	109
4.42862e+14	114
4.43861e+14	127
4.44859e+14	92
4.45858e+14	115
4.46856e+14	116
4.47855e+14	120
4.48853e+14	96
4.49852e+14	132
4.50851e+14	110
4.51849e+14	133
4.52848e+14	112
4.53846e+14	133
4.54845e+14	94
4.55843e+14	126
4.56842e+14	133
4.57841e+14	102
4.58839e+14	112
4.59838e+14	128
4.60836e+14	103
4.61835e+14	130
4.62833e+14	106
4.63832e+14	101
4.6483e+14	124
4.65829e+14	86
4.66828e+14	106
4.67826e+14	126
4.68825e+14	116
4.69823e+14	96
4.70822e+14	113
4.7182e+14	123
4.72819e+14	112
4.73818e+14	133
4.74816e+14	123
4.75815e+14	113
4.76813e+14	92
4.77812e+14	132
4.7881e+14	113
4.79809e+14	109
4.80807e+14	103
4.81806e+14	136
4.82805e+14	107
4.83803e+14	120
4.84802e+14	129
4.858e+14	125
4.86799e+14	126
4.87797e+14	144
4.88796e+14	122
4.89794e+14	132
4.90793e+14	137
4.91792e+14	109
4.9279e+14	118
4.93789e+14	114
4.94787e+14	106
4.95786e+14	111
4.96784e+14	145
4.97783e+14	98
4.98782e+14	107
4.9978e+14	119
5.00779e+14	109
5.01777e+14	124
5.02776e+14	111
5.03774e+14	101
5.04773e+14	119
5.05771e+14	116
5.0677e+14	110
5.07769e+14	133
5.08767e+14	111
5.09766e+14	122
5.10764e+14	102
5.11763e+14	111
5.12761e+14	116
5.1376e+14	126
5.14759e+14	115
5.15757e+14	122
5.16756e+14	125
5.17754e+14	117
5.18753e+14	132
5.19751e+14	111
5.2075e+14	118
5.21748e+14	125
5.22747e+14	112
5.23746e+14	110
5.24744e+14	123
5.25743e+14	130
5.26741e+14	146
5.2774e+14	143
5.28738e+14	128
5.29737e+14	114
5.30736e+14	112
5.31734e+14	108
5.32733e+14	99
5.33731e+14	125
5.3473e+14	117
5.35728e+14	97
5.36727e+14	129
5.37725e+14	116
5.38724e+14	92
5.39723e+14	117
5.40721e+14	119
5.4172e+14	128
5.42718e+14	115
5.43717e+14	111
5.44715e+14	128
5.45714e+14	106
5.46712e+14	119
5.47711e+14	128
5.4871e+14	113
5.49708e+14	113
5.50707e+14	104
5.51705e+14	140
5.52704e+14	108
5.53702e+14	104
5.54701e+14	129
5.557e+14	109
5.56698e+14	121
5.57697e+14	127
5.58695e+14	95
5.59694e+14	118
5.60692e+14	105
5.61691e+14	104
5.62689e+14	113
5.63688e+14	122
5.64687e+14	96
5.65685e+14	107
5.66684e+14	120
5.67682e+14	133
5.68681e+14	114
5.69679e+14	101
5.70678e+14	132
5.71677e+14	105
5.72675e+14	112
5.73674e+14	110
5.74672e+14	115
5.75671e+14	119
5.76669e+14	127
5.77668e+14	109
5.78666e+14	109
5.79665e+14	111
5.80664e+14	125
5.81662e+14	108
5.82661e+14	104
5.83659e+14	129
5.84658e+14	118
5.85656e+14	110
5.86655e+14	103
5.87654e+14	111
5.88652e+14	103
5.89651e+14	115
5.90649e+14	106
5.91648e+14	113
5.92646e+14	121
5.93645e+14	132
5.94643e+14	109
5.95642e+14	130
5.96641e+14	117
5.97639e+14	123
5.98638e+14	121
5.99636e+14	95
