Time [seconds]	Counts
4.98454e+11	122
1.49536e+12	109
2.49227e+12	112
3.48918e+12	108
4.48609e+12	123
5.483e+12	119
6.47991e+12	107
7.47682e+12	106
8.47373e+12	116
9.47063e+12	88
1.04675e+13	113
1.14645e+13	126
1.24614e+13	110
1.34583e+13	124
1.44552e+13	110
1.54521e+13	110
1.6449e+13	110
1.74459e+13	115
1.84428e+13	106
1.94397e+13	105
2.04366e+13	127
2.14335e+13	126
2.24304e+13	124
2.34274e+13	116
2.44243e+13	119
2.54212e+13	102
2.64181e+13	127
2.7415e+13	117
2.84119e+13	125
2.94088e+13	107
3.04057e+13	119
3.14026e+13	105
3.23995e+13	108
3.33964e+13	122
3.43934e+13	120
3.53903e+13	112
3.63872e+13	119
3.73841e+13	113
3.8381e+13	109
3.93779e+13	105
4.03748e+13	121
4.13717e+13	112
4.23686e+13	117
4.33655e+13	114
4.43624e+13	111
4.53594e+13	109
4.63563e+13	128
4.73532e+13	113
4.83501e+13	124
4.9347e+13	98
5.03439e+13	118
5.13408e+13	103
5.23377e+13	127
5.33346e+13	100
5.43315e+13	131
5.53284e+13	113
5.63254e+13	128
5.73223e+13	110
5.83192e+13	112
5.93161e+13	130
6.0313e+13	108
6.13099e+13	112
6.23068e+13	107
6.33037e+13	133
6.43006e+13	119
6.52975e+13	113
6.62944e+13	115
6.72913e+13	99
6.82883e+13	123
6.92852e+13	94
7.02821e+13	104
7.1279e+13	104
7.22759e+13	124
7.32728e+13	92
7.42697e+13	124
7.52666e+13	100
7.62635e+13	114
7.72604e+13	120
7.82573e+13	119
7.92543e+13	123
8.02512e+13	112
8.12481e+13	106
8.2245e+13	127
8.32419e+13	112
8.42388e+13	101
8.52357e+13	114
8.62326e+13	99
8.72295e+13	115
8.82264e+13	121
8.92233e+13	123
9.02203e+13	118
9.12172e+13	101
9.22141e+13	120
9.3211e+13	111
9.42079e+13	105
9.52048e+13	107
9.62017e+13	126
9.71986e+13	111
9.81955e+13	126
9.91924e+13	113
1.00189e+14	131
1.01186e+14	119
1.02183e+14	107
1.0318e+14	92
1.04177e+14	102
1.05174e+14	112
1.06171e+14	153
1.07168e+14	123
1.08165e+14	130
1.09162e+14	125
1.10158e+14	109
1.11155e+14	109
1.12152e+14	110
1.13149e+14	102
1.14146e+14	108
1.15143e+14	114
1.1614e+14	115
1.17137e+14	107
1.18134e+14	113
1.19131e+14	120
1.20128e+14	104
1.21124e+14	113
1.22121e+14	121
1.23118e+14	119
1.24115e+14	120
1.25112e+14	98
1.26109e+14	117
1.27106e+14	108
1.28103e+14	99
1.291e+14	88
1.30097e+14	101
1.31094e+14	112
1.3209e+14	115
1.33087e+14	117
1.34084e+14	93
1.35081e+14	105
1.36078e+14	112
1.37075e+14	123
1.38072e+14	101
1.39069e+14	116
1.40066e+14	112
1.41063e+14	136
1.4206e+14	115
1.43056e+14	106
1.44053e+14	106
1.4505e+14	135
1.46047e+14	128
1.47044e+14	120
1.48041e+14	94
1.49038e+14	105
1.50035e+14	106
1.51032e+14	142
1.52029e+14	121
1.53026e+14	109
1.54022e+14	111
1.55019e+14	130
1.56016e+14	117
1.57013e+14	122
1.5801e+14	122
1.59007e+14	133
1.60004e+14	109
1.61001e+14	110
1.61998e+14	118
1.62995e+14	110
1.63991e+14	107
1.64988e+14	98
1.65985e+14	104
1.66982e+14	106
1.67979e+14	113
1.68976e+14	104
1.69973e+14	112
1.7097e+14	126
1.71967e+14	119
1.72964e+14	117
1.73961e+14	125
1.74958e+14	126
1.75954e+14	118
1.76951e+14	102
1.77948e+14	107
1.78945e+14	140
1.79942e+14	127
1.80939e+14	110
1.81936e+14	130
1.82933e+14	102
1.8393e+14	105
1.84927e+14	108
1.85923e+14	132
1.8692e+14	117
1.87917e+14	105
1.88914e+14	107
1.89911e+14	106
1.90908e+14	96
1.91905e+14	118
1.92902e+14	121
1.93899e+14	117
1.94896e+14	109
1.95893e+14	115
1.96889e+14	139
1.97886e+14	129
1.98883e+14	109
1.9988e+14	114
2.00877e+14	107
2.01874e+14	107
2.02871e+14	104
2.03868e+14	112
2.04865e+14	105
2.05862e+14	111
2.06859e+14	104
2.07855e+14	107
2.08852e+14	103
2.09849e+14	118
2.10846e+14	126
2.11843e+14	106
2.1284e+14	129
2.13837e+14	136
2.14834e+14	131
2.15831e+14	94
2.16828e+14	120
2.17825e+14	123
2.18821e+14	107
2.19818e+14	83
2.20815e+14	114
2.21812e+14	129
2.22809e+14	130
2.23806e+14	132
2.24803e+14	122
2.258e+14	101
2.26797e+14	134
2.27794e+14	133
2.28791e+14	112
2.29787e+14	123
2.30784e+14	133
2.31781e+14	109
2.32778e+14	104
2.33775e+14	111
2.34772e+14	123
2.35769e+14	108
2.36766e+14	97
2.37763e+14	137
2.3876e+14	117
2.39757e+14	103
2.40753e+14	103
2.4175e+14	116
2.42747e+14	114
2.43744e+14	104
2.44741e+14	131
2.45738e+14	123
2.46735e+14	119
2.47732e+14	119
2.48729e+14	123
2.49726e+14	113
2.50723e+14	111
2.51719e+14	130
2.52716e+14	109
2.53713e+14	120
2.5471e+14	117
2.55707e+14	126
2.56704e+14	102
2.57701e+14	114
2.58698e+14	91
2.59695e+14	140
2.60692e+14	114
2.61689e+14	119
2.62685e+14	121
2.63682e+14	95
2.64679e+14	121
2.65676e+14	140
2.66673e+14	120
2.6767e+14	97
2.68667e+14	112
2.69664e+14	117
2.70661e+14	118
2.71658e+14	135
2.72655e+14	116
2.73651e+14	108
2.74648e+14	98
2.75645e+14	116
2.76642e+14	122
2.77639e+14	107
2.78636e+14	90
2.79633e+14	122
2.8063e+14	120
2.81627e+14	128
2.82624e+14	125
2.83621e+14	105
2.84617e+14	108
2.85614e+14	113
2.86611e+14	110
2.87608e+14	118
2.88605e+14	123
2.89602e+14	114
2.90599e+14	108
2.91596e+14	121
2.92593e+14	117
2.9359e+14	96
2.94587e+14	114
2.95583e+14	117
2.9658e+14	110
2.97577e+14	119
2.98574e+14	113
2.99571e+14	126
