Time [seconds]	Counts
4.99286e+11	133
1.49786e+12	126
2.49643e+12	151
3.495e+12	134
4.49357e+12	107
5.49215e+12	155
6.49072e+12	110
7.48929e+12	126
8.48786e+12	130
9.48644e+12	114
1.0485e+13	128
1.14836e+13	127
1.24822e+13	135
1.34807e+13	136
1.44793e+13	129
1.54779e+13	118
1.64764e+13	130
1.7475e+13	124
1.84736e+13	129
1.94722e+13	128
2.04707e+13	127
2.14693e+13	135
2.24679e+13	127
2.34664e+13	126
2.4465e+13	132
2.54636e+13	135
2.64622e+13	137
2.74607e+13	123
2.84593e+13	133
2.94579e+13	111
3.04564e+13	146
3.1455e+13	121
3.24536e+13	112
3.34522e+13	123
3.44507e+13	160
3.54493e+13	122
3.64479e+13	104
3.74465e+13	147
3.8445e+13	97
3.94436e+13	120
4.04422e+13	133
4.14407e+13	123
4.24393e+13	156
4.34379e+13	138
4.44365e+13	138
4.5435e+13	113
4.64336e+13	128
4.74322e+13	122
4.84307e+13	129
4.94293e+13	122
5.04279e+13	125
5.14265e+13	143
5.2425e+13	127
5.34236e+13	138
5.44222e+13	145
5.54208e+13	121
5.64193e+13	137
5.74179e+13	120
5.84165e+13	136
5.9415e+13	138
6.04136e+13	144
6.14122e+13	164
6.24108e+13	134
6.34093e+13	123
6.44079e+13	119
6.54065e+13	142
6.6405e+13	146
6.74036e+13	139
6.84022e+13	146
6.94008e+13	110
7.03993e+13	151
7.13979e+13	119
7.23965e+13	124
7.33951e+13	110
7.43936e+13	156
7.53922e+13	108
7.63908e+13	126
7.73893e+13	148
7.83879e+13	136
7.93865e+13	150
8.03851e+13	132
8.13836e+13	114
8.23822e+13	129
8.33808e+13	118
8.43793e+13	137
8.53779e+13	115
8.63765e+13	135
8.73751e+13	157
8.83736e+13	134
8.93722e+13	137
9.03708e+13	128
9.13693e+13	132
9.23679e+13	116
9.33665e+13	136
9.43651e+13	126
9.53636e+13	123
9.63622e+13	139
9.73608e+13	119
9.83594e+13	148
9.93579e+13	128
1.00356e+14	115
1.01355e+14	133
1.02354e+14	122
1.03352e+14	136
1.04351e+14	126
1.05349e+14	110
1.06348e+14	118
1.07347e+14	151
1.08345e+14	130
1.09344e+14	113
1.10342e+14	135
1.11341e+14	132
1.12339e+14	123
1.13338e+14	109
1.14337e+14	136
1.15335e+14	146
1.16334e+14	122
1.17332e+14	121
1.18331e+14	138
1.19329e+14	125
1.20328e+14	123
1.21327e+14	141
1.22325e+14	134
1.23324e+14	124
1.24322e+14	111
1.25321e+14	153
1.26319e+14	141
1.27318e+14	135
1.28317e+14	143
1.29315e+14	125
1.30314e+14	112
1.31312e+14	115
1.32311e+14	120
1.33309e+14	135
1.34308e+14	141
1.35307e+14	135
1.36305e+14	133
1.37304e+14	127
1.38302e+14	133
1.39301e+14	124
1.40299e+14	149
1.41298e+14	135
1.42297e+14	138
1.43295e+14	144
1.44294e+14	139
1.45292e+14	125
1.46291e+14	133
1.47289e+14	145
1.48288e+14	135
1.49287e+14	118
1.50285e+14	133
1.51284e+14	132
1.52282e+14	123
1.53281e+14	131
1.54279e+14	146
1.55278e+14	133
1.56277e+14	116
1.57275e+14	120
1.58274e+14	120
1.59272e+14	142
1.60271e+14	120
1.61269e+14	143
1.62268e+14	132
1.63267e+14	132
1.64265e+14	133
1.65264e+14	125
1.66262e+14	120
1.67261e+14	138
1.68259e+14	141
1.69258e+14	154
1.70257e+14	146
1.71255e+14	146
1.72254e+14	145
1.73252e+14	153
1.74251e+14	121
1.75249e+14	145
1.76248e+14	164
1.77247e+14	125
1.78245e+14	142
1.79244e+14	135
1.80242e+14	145
1.81241e+14	132
1.82239e+14	136
1.83238e+14	145
1.84237e+14	132
1.85235e+14	135
1.86234e+14	118
1.87232e+14	123
1.88231e+14	110
1.89229e+14	137
1.90228e+14	135
1.91227e+14	125
1.92225e+14	148
1.93224e+14	129
1.94222e+14	125
1.95221e+14	126
1.96219e+14	129
1.97218e+14	132
1.98217e+14	135
1.99215e+14	136
2.00214e+14	137
2.01212e+14	130
2.02211e+14	118
2.03209e+14	125
2.04208e+14	139
2.05207e+14	139
2.06205e+14	149
2.07204e+14	141
2.08202e+14	124
2.09201e+14	134
2.10199e+14	139
2.11198e+14	151
2.12197e+14	150
2.13195e+14	131
2.14194e+14	114
2.15192e+14	125
2.16191e+14	134
2.17189e+14	135
2.18188e+14	120
2.19187e+14	124
2.20185e+14	122
2.21184e+14	120
2.22182e+14	134
2.23181e+14	130
2.24179e+14	132
2.25178e+14	138
2.26177e+14	133
2.27175e+14	132
2.28174e+14	144
2.29172e+14	118
2.30171e+14	139
2.31169e+14	130
2.32168e+14	144
2.33167e+14	120
2.34165e+14	124
2.35164e+14	124
2.36162e+14	115
2.37161e+14	106
2.38159e+14	136
2.39158e+14	134
2.40157e+14	125
2.41155e+14	124
2.42154e+14	132
2.43152e+14	115
2.44151e+14	136
2.45149e+14	123
2.46148e+14	161
2.47147e+14	121
2.48145e+14	137
2.49144e+14	125
2.50142e+14	149
2.51141e+14	108
2.52139e+14	148
2.53138e+14	142
2.54137e+14	127
2.55135e+14	132
2.56134e+14	131
2.57132e+14	122
2.58131e+14	119
2.59129e+14	138
2.60128e+14	120
2.61127e+14	128
2.62125e+14	149
2.63124e+14	117
2.64122e+14	120
2.65121e+14	149
2.66119e+14	138
2.67118e+14	127
2.68117e+14	122
2.69115e+14	121
2.70114e+14	127
2.71112e+14	134
2.72111e+14	115
2.73109e+14	132
2.74108e+14	133
2.75107e+14	123
2.76105e+14	155
2.77104e+14	114
2.78102e+14	125
2.79101e+14	130
2.80099e+14	139
2.81098e+14	127
2.82097e+14	154
2.83095e+14	123
2.84094e+14	125
2.85092e+14	124
2.86091e+14	125
2.8709e+14	126
2.88088e+14	132
2.89087e+14	133
2.90085e+14	116
2.91084e+14	131
2.92082e+14	112
2.93081e+14	143
2.94079e+14	129
2.95078e+14	125
2.96077e+14	141
2.97075e+14	135
2.98074e+14	149
2.99072e+14	127
3.00071e+14	143
3.01069e+14	105
3.02068e+14	140
3.03067e+14	119
3.04065e+14	118
3.05064e+14	129
3.06062e+14	132
3.07061e+14	113
3.0806e+14	144
3.09058e+14	141
3.10057e+14	125
3.11055e+14	149
3.12054e+14	148
3.13052e+14	118
3.14051e+14	124
3.1505e+14	129
3.16048e+14	124
3.17047e+14	138
3.18045e+14	115
3.19044e+14	130
3.20042e+14	111
3.21041e+14	129
3.22039e+14	133
3.23038e+14	124
3.24037e+14	130
3.25035e+14	110
3.26034e+14	123
3.27032e+14	138
3.28031e+14	126
3.2903e+14	135
3.30028e+14	118
3.31027e+14	146
3.32025e+14	112
3.33024e+14	122
3.34022e+14	145
3.35021e+14	124
3.3602e+14	160
3.37018e+14	134
3.38017e+14	128
3.39015e+14	124
3.40014e+14	126
3.41012e+14	131
3.42011e+14	140
3.4301e+14	122
3.44008e+14	127
3.45007e+14	136
3.46005e+14	125
3.47004e+14	132
3.48002e+14	137
3.49001e+14	120
3.5e+14	131
3.50998e+14	128
3.51997e+14	140
3.52995e+14	126
3.53994e+14	140
3.54992e+14	125
3.55991e+14	131
3.5699e+14	138
3.57988e+14	128
3.58987e+14	119
3.59985e+14	142
3.60984e+14	116
3.61982e+14	122
3.62981e+14	126
3.6398e+14	134
3.64978e+14	142
3.65977e+14	151
3.66975e+14	143
3.67974e+14	140
3.68972e+14	142
3.69971e+14	115
3.7097e+14	119
3.71968e+14	146
3.72967e+14	93
3.73965e+14	158
3.74964e+14	135
3.75962e+14	125
3.76961e+14	138
3.7796e+14	136
3.78958e+14	139
3.79957e+14	145
3.80955e+14	129
3.81954e+14	122
3.82952e+14	123
3.83951e+14	161
3.8495e+14	151
3.85948e+14	127
3.86947e+14	144
3.87945e+14	119
3.88944e+14	119
3.89942e+14	138
3.90941e+14	163
3.9194e+14	146
3.92938e+14	126
3.93937e+14	122
3.94935e+14	131
3.95934e+14	134
3.96932e+14	119
3.97931e+14	133
3.9893e+14	129
3.99928e+14	128
4.00927e+14	126
4.01925e+14	114
4.02924e+14	136
4.03922e+14	126
4.04921e+14	142
4.0592e+14	109
4.06918e+14	131
4.07917e+14	144
4.08915e+14	142
4.09914e+14	143
4.10912e+14	137
4.11911e+14	99
4.1291e+14	140
4.13908e+14	122
4.14907e+14	143
4.15905e+14	127
4.16904e+14	118
4.17902e+14	124
4.18901e+14	135
4.199e+14	125
4.20898e+14	131
4.21897e+14	139
4.22895e+14	114
4.23894e+14	155
4.24892e+14	142
4.25891e+14	129
4.2689e+14	122
4.27888e+14	133
4.28887e+14	125
4.29885e+14	157
4.30884e+14	138
4.31882e+14	143
4.32881e+14	114
4.3388e+14	127
4.34878e+14	136
4.35877e+14	122
4.36875e+14	151
4.37874e+14	137
4.38872e+14	125
4.39871e+14	134
4.4087e+14	125
4.41868e+14	135
4.42867e+14	146
4.43865e+14	129
4.44864e+14	119
4.45862e+14	130
4.46861e+14	126
4.4786e+14	144
4.48858e+14	161
4.49857e+14	126
4.50855e+14	128
4.51854e+14	151
4.52852e+14	115
4.53851e+14	121
4.5485e+14	129
4.55848e+14	115
4.56847e+14	136
4.57845e+14	130
4.58844e+14	139
4.59842e+14	138
4.60841e+14	132
4.6184e+14	147
4.62838e+14	137
4.63837e+14	120
4.64835e+14	132
4.65834e+14	143
4.66832e+14	158
4.67831e+14	115
4.6883e+14	159
4.69828e+14	159
4.70827e+14	138
4.71825e+14	139
4.72824e+14	128
4.73822e+14	127
4.74821e+14	108
4.7582e+14	152
4.76818e+14	135
4.77817e+14	134
4.78815e+14	146
4.79814e+14	123
4.80812e+14	124
4.81811e+14	124
4.8281e+14	139
4.83808e+14	127
4.84807e+14	156
4.85805e+14	122
4.86804e+14	124
4.87802e+14	131
4.88801e+14	114
4.898e+14	136
4.90798e+14	132
4.91797e+14	123
4.92795e+14	132
4.93794e+14	135
4.94792e+14	135
4.95791e+14	122
4.9679e+14	128
4.97788e+14	120
4.98787e+14	147
4.99785e+14	132
5.00784e+14	140
5.01783e+14	125
5.02781e+14	126
5.0378e+14	118
5.04778e+14	139
5.05777e+14	117
5.06775e+14	137
5.07774e+14	161
5.08772e+14	124
5.09771e+14	127
5.1077e+14	109
5.11768e+14	120
5.12767e+14	129
5.13765e+14	108
5.14764e+14	151
5.15763e+14	127
5.16761e+14	143
5.1776e+14	153
5.18758e+14	127
5.19757e+14	139
5.20755e+14	136
5.21754e+14	121
5.22753e+14	124
5.23751e+14	115
5.2475e+14	126
5.25748e+14	128
5.26747e+14	130
5.27745e+14	137
5.28744e+14	146
5.29743e+14	130
5.30741e+14	125
5.3174e+14	120
5.32738e+14	116
5.33737e+14	145
5.34735e+14	131
5.35734e+14	133
5.36733e+14	135
5.37731e+14	138
5.3873e+14	145
5.39728e+14	112
5.40727e+14	137
5.41725e+14	129
5.42724e+14	105
5.43723e+14	128
5.44721e+14	123
5.4572e+14	114
5.46718e+14	131
5.47717e+14	131
5.48715e+14	134
5.49714e+14	120
5.50713e+14	139
5.51711e+14	146
5.5271e+14	130
5.53708e+14	127
5.54707e+14	151
5.55705e+14	135
5.56704e+14	152
5.57703e+14	141
5.58701e+14	115
5.597e+14	140
5.60698e+14	157
5.61697e+14	149
5.62695e+14	143
5.63694e+14	129
5.64693e+14	126
5.65691e+14	145
5.6669e+14	137
5.67688e+14	154
5.68687e+14	130
5.69685e+14	137
5.70684e+14	128
5.71683e+14	112
5.72681e+14	129
5.7368e+14	133
5.74678e+14	138
5.75677e+14	147
5.76675e+14	130
5.77674e+14	156
5.78673e+14	143
5.79671e+14	130
5.8067e+14	135
5.81668e+14	144
5.82667e+14	122
5.83665e+14	117
5.84664e+14	152
5.85663e+14	118
5.86661e+14	118
5.8766e+14	122
5.88658e+14	121
5.89657e+14	116
5.90655e+14	129
5.91654e+14	143
5.92653e+14	122
5.93651e+14	105
5.9465e+14	131
5.95648e+14	154
5.96647e+14	135
5.97645e+14	138
5.98644e+14	112
5.99643e+14	160
