Time [seconds]	Counts
4.99261e+11	103
1.49778e+12	103
2.49631e+12	114
3.49483e+12	123
4.49335e+12	117
5.49187e+12	119
6.4904e+12	116
7.48892e+12	120
8.48744e+12	146
9.48596e+12	119
1.04845e+13	120
1.1483e+13	121
1.24815e+13	118
1.34801e+13	124
1.44786e+13	131
1.54771e+13	130
1.64756e+13	115
1.74741e+13	115
1.84727e+13	109
1.94712e+13	144
2.04697e+13	103
2.14682e+13	107
2.24668e+13	107
2.34653e+13	120
2.44638e+13	112
2.54623e+13	129
2.64608e+13	121
2.74594e+13	135
2.84579e+13	97
2.94564e+13	131
3.04549e+13	132
3.14535e+13	134
3.2452e+13	117
3.34505e+13	95
3.4449e+13	123
3.54475e+13	129
3.64461e+13	122
3.74446e+13	117
3.84431e+13	100
3.94416e+13	100
4.04402e+13	130
4.14387e+13	122
4.24372e+13	101
4.34357e+13	112
4.44342e+13	108
4.54328e+13	125
4.64313e+13	139
4.74298e+13	111
4.84283e+13	127
4.94269e+13	129
5.04254e+13	105
5.14239e+13	133
5.24224e+13	102
5.3421e+13	125
5.44195e+13	128
5.5418e+13	108
5.64165e+13	129
5.7415e+13	113
5.84136e+13	116
5.94121e+13	119
6.04106e+13	122
6.14091e+13	85
6.24077e+13	116
6.34062e+13	127
6.44047e+13	119
6.54032e+13	125
6.64017e+13	105
6.74003e+13	116
6.83988e+13	125
6.93973e+13	112
7.03958e+13	126
7.13944e+13	122
7.23929e+13	121
7.33914e+13	117
7.43899e+13	121
7.53884e+13	115
7.6387e+13	144
7.73855e+13	114
7.8384e+13	136
7.93825e+13	112
8.03811e+13	124
8.13796e+13	112
8.23781e+13	127
8.33766e+13	119
8.43751e+13	108
8.53737e+13	119
8.63722e+13	128
8.73707e+13	136
8.83692e+13	124
8.93678e+13	111
9.03663e+13	128
9.13648e+13	111
9.23633e+13	113
9.33619e+13	109
9.43604e+13	120
9.53589e+13	111
9.63574e+13	119
9.73559e+13	118
9.83545e+13	117
9.9353e+13	124
1.00352e+14	129
1.0135e+14	125
1.02349e+14	119
1.03347e+14	119
1.04346e+14	120
1.05344e+14	111
1.06343e+14	135
1.07341e+14	120
1.0834e+14	134
1.09338e+14	112
1.10337e+14	114
1.11335e+14	102
1.12334e+14	129
1.13332e+14	130
1.14331e+14	108
1.15329e+14	123
1.16328e+14	116
1.17326e+14	130
1.18325e+14	119
1.19323e+14	111
1.20322e+14	129
1.2132e+14	109
1.22319e+14	132
1.23318e+14	127
1.24316e+14	100
1.25315e+14	129
1.26313e+14	119
1.27312e+14	115
1.2831e+14	127
1.29309e+14	108
1.30307e+14	119
1.31306e+14	99
1.32304e+14	118
1.33303e+14	125
1.34301e+14	115
1.353e+14	123
1.36298e+14	110
1.37297e+14	112
1.38295e+14	121
1.39294e+14	115
1.40292e+14	125
1.41291e+14	118
1.42289e+14	123
1.43288e+14	106
1.44286e+14	109
1.45285e+14	110
1.46284e+14	106
1.47282e+14	136
1.48281e+14	118
1.49279e+14	125
1.50278e+14	134
1.51276e+14	121
1.52275e+14	129
1.53273e+14	116
1.54272e+14	126
1.5527e+14	121
1.56269e+14	122
1.57267e+14	109
1.58266e+14	132
1.59264e+14	114
1.60263e+14	94
1.61261e+14	123
1.6226e+14	93
1.63258e+14	119
1.64257e+14	110
1.65255e+14	126
1.66254e+14	101
1.67253e+14	97
1.68251e+14	110
1.6925e+14	113
1.70248e+14	128
1.71247e+14	117
1.72245e+14	122
1.73244e+14	114
1.74242e+14	107
1.75241e+14	111
1.76239e+14	122
1.77238e+14	125
1.78236e+14	128
1.79235e+14	126
1.80233e+14	127
1.81232e+14	118
1.8223e+14	117
1.83229e+14	128
1.84227e+14	110
1.85226e+14	124
1.86224e+14	128
1.87223e+14	113
1.88221e+14	126
1.8922e+14	122
1.90219e+14	111
1.91217e+14	120
1.92216e+14	115
1.93214e+14	115
1.94213e+14	111
1.95211e+14	100
1.9621e+14	115
1.97208e+14	119
1.98207e+14	129
1.99205e+14	122
2.00204e+14	121
2.01202e+14	119
2.02201e+14	115
2.03199e+14	106
2.04198e+14	113
2.05196e+14	110
2.06195e+14	119
2.07193e+14	108
2.08192e+14	126
2.0919e+14	120
2.10189e+14	133
2.11188e+14	116
2.12186e+14	121
2.13185e+14	115
2.14183e+14	135
2.15182e+14	122
2.1618e+14	122
2.17179e+14	123
2.18177e+14	117
2.19176e+14	112
2.20174e+14	121
2.21173e+14	120
2.22171e+14	125
2.2317e+14	114
2.24168e+14	150
2.25167e+14	117
2.26165e+14	115
2.27164e+14	121
2.28162e+14	116
2.29161e+14	122
2.30159e+14	103
2.31158e+14	106
2.32156e+14	123
2.33155e+14	107
2.34154e+14	103
2.35152e+14	111
2.36151e+14	114
2.37149e+14	120
2.38148e+14	145
2.39146e+14	106
2.40145e+14	130
2.41143e+14	125
2.42142e+14	126
2.4314e+14	125
2.44139e+14	121
2.45137e+14	120
2.46136e+14	123
2.47134e+14	110
2.48133e+14	109
2.49131e+14	103
2.5013e+14	132
2.51128e+14	122
2.52127e+14	126
2.53125e+14	102
2.54124e+14	109
2.55122e+14	112
2.56121e+14	116
2.5712e+14	143
2.58118e+14	119
2.59117e+14	146
2.60115e+14	129
2.61114e+14	100
2.62112e+14	113
2.63111e+14	123
2.64109e+14	112
2.65108e+14	104
2.66106e+14	117
2.67105e+14	95
2.68103e+14	120
2.69102e+14	107
2.701e+14	119
2.71099e+14	122
2.72097e+14	125
2.73096e+14	112
2.74094e+14	109
2.75093e+14	126
2.76091e+14	115
2.7709e+14	122
2.78088e+14	116
2.79087e+14	113
2.80086e+14	111
2.81084e+14	112
2.82083e+14	108
2.83081e+14	119
2.8408e+14	129
2.85078e+14	123
2.86077e+14	119
2.87075e+14	112
2.88074e+14	106
2.89072e+14	106
2.90071e+14	109
2.91069e+14	113
2.92068e+14	111
2.93066e+14	114
2.94065e+14	111
2.95063e+14	106
2.96062e+14	132
2.9706e+14	117
2.98059e+14	107
2.99057e+14	135
3.00056e+14	137
3.01055e+14	136
3.02053e+14	128
3.03052e+14	123
3.0405e+14	111
3.05049e+14	117
3.06047e+14	123
3.07046e+14	128
3.08044e+14	129
3.09043e+14	135
3.10041e+14	119
3.1104e+14	109
3.12038e+14	105
3.13037e+14	114
3.14035e+14	126
3.15034e+14	133
3.16032e+14	127
3.17031e+14	125
3.18029e+14	105
3.19028e+14	144
3.20026e+14	112
3.21025e+14	124
3.22023e+14	117
3.23022e+14	119
3.24021e+14	116
3.25019e+14	93
3.26018e+14	129
3.27016e+14	114
3.28015e+14	108
3.29013e+14	141
3.30012e+14	116
3.3101e+14	123
3.32009e+14	113
3.33007e+14	125
3.34006e+14	137
3.35004e+14	109
3.36003e+14	125
3.37001e+14	128
3.38e+14	126
3.38998e+14	114
3.39997e+14	117
3.40995e+14	117
3.41994e+14	114
3.42992e+14	126
3.43991e+14	128
3.44989e+14	126
3.45988e+14	125
3.46987e+14	110
3.47985e+14	121
3.48984e+14	108
3.49982e+14	123
3.50981e+14	129
3.51979e+14	91
3.52978e+14	124
3.53976e+14	111
3.54975e+14	112
3.55973e+14	118
3.56972e+14	106
3.5797e+14	126
3.58969e+14	120
3.59967e+14	142
3.60966e+14	120
3.61964e+14	133
3.62963e+14	119
3.63961e+14	112
3.6496e+14	120
3.65958e+14	130
3.66957e+14	103
3.67956e+14	104
3.68954e+14	106
3.69953e+14	122
3.70951e+14	112
3.7195e+14	144
3.72948e+14	95
3.73947e+14	116
3.74945e+14	105
3.75944e+14	122
3.76942e+14	125
3.77941e+14	107
3.78939e+14	112
3.79938e+14	103
3.80936e+14	91
3.81935e+14	116
3.82933e+14	128
3.83932e+14	115
3.8493e+14	105
3.85929e+14	111
3.86927e+14	125
3.87926e+14	108
3.88924e+14	110
3.89923e+14	97
3.90922e+14	108
3.9192e+14	120
3.92919e+14	112
3.93917e+14	108
3.94916e+14	126
3.95914e+14	119
3.96913e+14	105
3.97911e+14	136
3.9891e+14	107
3.99908e+14	126
4.00907e+14	121
4.01905e+14	117
4.02904e+14	108
4.03902e+14	107
4.04901e+14	105
4.05899e+14	131
4.06898e+14	102
4.07896e+14	123
4.08895e+14	109
4.09893e+14	121
4.10892e+14	106
4.11891e+14	126
4.12889e+14	124
4.13888e+14	88
4.14886e+14	110
4.15885e+14	103
4.16883e+14	127
4.17882e+14	126
4.1888e+14	111
4.19879e+14	109
4.20877e+14	117
4.21876e+14	104
4.22874e+14	118
4.23873e+14	120
4.24871e+14	113
4.2587e+14	114
4.26868e+14	123
4.27867e+14	111
4.28865e+14	128
4.29864e+14	113
4.30862e+14	118
4.31861e+14	106
4.32859e+14	122
4.33858e+14	121
4.34857e+14	120
4.35855e+14	126
4.36854e+14	118
4.37852e+14	131
4.38851e+14	111
4.39849e+14	140
4.40848e+14	114
4.41846e+14	113
4.42845e+14	121
4.43843e+14	130
4.44842e+14	136
4.4584e+14	133
4.46839e+14	123
4.47837e+14	130
4.48836e+14	122
4.49834e+14	111
4.50833e+14	122
4.51831e+14	119
4.5283e+14	130
4.53828e+14	117
4.54827e+14	122
4.55825e+14	120
4.56824e+14	123
4.57823e+14	113
4.58821e+14	128
4.5982e+14	98
4.60818e+14	115
4.61817e+14	98
4.62815e+14	107
4.63814e+14	127
4.64812e+14	117
4.65811e+14	116
4.66809e+14	142
4.67808e+14	109
4.68806e+14	126
4.69805e+14	125
4.70803e+14	120
4.71802e+14	116
4.728e+14	116
4.73799e+14	114
4.74797e+14	99
4.75796e+14	133
4.76794e+14	127
4.77793e+14	131
4.78792e+14	118
4.7979e+14	124
4.80789e+14	103
4.81787e+14	116
4.82786e+14	111
4.83784e+14	119
4.84783e+14	130
4.85781e+14	103
4.8678e+14	126
4.87778e+14	106
4.88777e+14	126
4.89775e+14	120
4.90774e+14	142
4.91772e+14	114
4.92771e+14	117
4.93769e+14	123
4.94768e+14	110
4.95766e+14	99
4.96765e+14	115
4.97763e+14	126
4.98762e+14	109
4.9976e+14	120
5.00759e+14	135
5.01758e+14	105
5.02756e+14	104
5.03755e+14	112
5.04753e+14	120
5.05752e+14	119
5.0675e+14	115
5.07749e+14	137
5.08747e+14	106
5.09746e+14	123
5.10744e+14	122
5.11743e+14	113
5.12741e+14	100
5.1374e+14	97
5.14738e+14	110
5.15737e+14	121
5.16735e+14	111
5.17734e+14	139
5.18732e+14	106
5.19731e+14	132
5.20729e+14	116
5.21728e+14	128
5.22727e+14	137
5.23725e+14	109
5.24724e+14	127
5.25722e+14	120
5.26721e+14	104
5.27719e+14	133
5.28718e+14	115
5.29716e+14	124
5.30715e+14	113
5.31713e+14	119
5.32712e+14	114
5.3371e+14	112
5.34709e+14	115
5.35707e+14	115
5.36706e+14	121
5.37704e+14	128
5.38703e+14	100
5.39701e+14	132
5.407e+14	100
5.41698e+14	112
5.42697e+14	123
5.43695e+14	111
5.44694e+14	121
5.45693e+14	121
5.46691e+14	114
5.4769e+14	133
5.48688e+14	118
5.49687e+14	110
5.50685e+14	121
5.51684e+14	124
5.52682e+14	117
5.53681e+14	123
5.54679e+14	128
5.55678e+14	144
5.56676e+14	127
5.57675e+14	113
5.58673e+14	118
5.59672e+14	112
5.6067e+14	129
5.61669e+14	111
5.62667e+14	133
5.63666e+14	114
5.64664e+14	124
5.65663e+14	119
5.66661e+14	99
5.6766e+14	120
5.68659e+14	123
5.69657e+14	103
5.70656e+14	141
5.71654e+14	128
5.72653e+14	136
5.73651e+14	124
5.7465e+14	137
5.75648e+14	119
5.76647e+14	111
5.77645e+14	102
5.78644e+14	140
5.79642e+14	132
5.80641e+14	122
5.81639e+14	119
5.82638e+14	121
5.83636e+14	108
5.84635e+14	114
5.85633e+14	131
5.86632e+14	107
5.8763e+14	127
5.88629e+14	118
5.89628e+14	120
5.90626e+14	124
5.91625e+14	123
5.92623e+14	112
5.93622e+14	109
5.9462e+14	127
5.95619e+14	109
5.96617e+14	110
5.97616e+14	100
5.98614e+14	103
5.99613e+14	147
